EUCLIDEAN
10
77.85137373949127 44.218568053260874
87.84711532509814 43.402942507907504
19.826452984165265 34.81960175105442
46.758732989075455 33.01496917609191
93.12578720104413 18.192683599253613
1.7758676098643456 25.701421367410816
9.644751598999656 90.99887091512706
78.62276690928239 4.920401644048733
99.37768585592706 43.49247508031916
38.281565561813316 60.7984902929991
0.0 10.028962801629275 58.781221458998914 33.049552744854495 30.177050356318862 78.2966624720632 82.70755733101858 39.305736611193666 21.538554369770633 42.902954917977326
10.028962801629275 0.0 68.56007762428118 42.38118866824872 25.75697053256198 87.87265521164471 91.54770392147567 39.57264907780275 11.530918126842405 52.52950414843138
58.781221458998914 68.56007762428118 0.0 26.992673172427754 75.16147153871053 20.222879267393882 57.09445968661063 65.961873064822 80.022605451227 31.86681393124276
33.049552744854495 42.38118866824872 26.992673172427754 0.0 48.67857707469469 45.57352476245494 68.84461108543628 42.48083547295925 53.651955516803554 29.048001880395525
30.177050356318862 25.75697053256198 75.16147153871053 48.67857707469469 0.0 91.6579999355537 110.76923858483396 19.659376029816155 26.060807465930978 69.44885464309603
78.2966624720632 87.87265521164471 20.222879267393882 45.57352476245494 91.6579999355537 0.0 65.76987344271706 79.60713983480163 99.21006258012868 50.64059863515069
82.70755733101858 91.54770392147567 57.09445968661063 68.84461108543628 110.76923858483396 65.76987344271706 0.0 110.306253078407 101.53254224913069 41.61886715976543
39.305736611193666 39.57264907780275 65.961873064822 42.48083547295925 19.659376029816155 79.60713983480163 110.306253078407 0.0 43.801501226040514 68.91859921107651
21.538554369770633 11.530918126842405 80.022605451227 53.651955516803554 26.060807465930978 99.21006258012868 101.53254224913069 43.801501226040514 0.0 63.49987462613077
42.902954917977326 52.52950414843138 31.86681393124276 29.048001880395525 69.44885464309603 50.64059863515069 41.61886715976543 68.91859921107651 63.49987462613077 0.0
