EUCLIDEAN
100
52.48430794504283 39.262431253162376
89.79930003128689 97.14397319039998
29.83116393488646 67.91879347187933
61.01686156783456 63.46017047801479
82.1649056238967 90.31929832139333
47.50331587386653 88.49301787689774
43.66055613937305 60.88736015551098
4.432203152915304 59.64720635097566
77.11446549112367 24.802402799622204
40.963865642837064 52.633888574045365
24.28763251839523 81.06416881004647
6.321095929476705 74.79383870242171
29.214254369811087 23.115969299394724
33.86988576184395 42.45969641500385
30.225946820686488 1.7373725678021756
72.19697412247167 56.473200539192334
77.9584863247195 17.53279402504725
76.27756838944472 20.947774815508456
45.76334886956307 80.43532269200635
23.611426219298437 79.08738874447567
45.56701974254198 8.710002450224097
89.36486486074458 89.85640569604357
37.269706726111494 85.62794846054051
34.05422274813132 44.28144543460705
50.39477931567708 7.059701906873228
7.12910269482424 38.26049917738198
41.80234268723414 57.763997168990485
32.36589871044875 75.96029032817721
24.9948261602837 98.09248659740683
62.72874825531264 57.89771820889469
76.40706119608636 72.01026387321815
69.75689192736246 33.410027546993504
64.85338949898673 77.37666318911904
85.38336188573636 31.94523267601853
3.8539343119873726 89.30137792403258
34.74903844904881 64.75022164102742
22.503315151657823 14.41844575413901
11.311355790586076 44.99565503263631
87.94735331039723 6.498201351761434
59.32743911109457 42.903817640046746
32.220204377081075 11.832164254344523
31.542592516056644 34.72432115731735
55.344603784379544 18.310922118221907
90.3121087357083 89.98606750130544
69.65484436289275 97.88249397423719
50.48913146542634 28.59832869446479
5.685585856334086 33.37272073010411
87.9574362475795 43.281805133541226
32.105536756592656 20.841442946297907
85.1921445322106 77.32906821376845
87.3335594317307 6.025536396465303
82.89515480719395 13.379817893034108
12.970978777031839 58.2444027842144
58.25253388653194 95.62590169060017
65.00966646939872 63.5807694031568
29.27949705463211 59.60931831211397
78.62287608164993 29.260079102534686
67.29742374257053 87.00266719670363
73.01717990912088 92.9233780344992
79.21533577658477 35.635689111109805
50.490967017618324 36.04320332484446
81.3744441502619 41.199460035870416
48.641569669712204 39.53149236921051
84.96051934122931 44.593828224480006
45.82466195678566 86.21429750722794
5.036220003214553 86.23725038629914
94.55888837874684 52.73955391865023
32.34984634840345 92.21411950608459
41.33874031756114 29.449569249435193
92.45932140446675 32.84211416373385
30.414043656624834 96.82225609779222
66.95882590861615 93.57049273098333
46.107414504703634 88.4206142240581
47.08619716576261 84.44228899222324
21.806461706151538 4.1100999863354915
36.36817775414664 67.27392549526647
91.16716989112393 74.2922668731132
42.19741669486965 34.72484986561262
87.44862936999436 42.141522324084605
9.488498318861726 22.27038767110927
13.856918065472057 6.295170520438043
26.142551398141855 45.81768407955716
8.747569569235392 41.46433104197496
81.65025116441218 23.990822299078772
2.0945584801040362 20.70699752037224
73.76923800256296 25.662927769018673
84.35592940221748 23.615732834855407
76.20307144672626 23.882307547948713
20.799137443169478 83.75620224622206
73.04537850119497 59.51379968975583
88.66144179133966 50.66764163021481
64.69029709635497 77.93749561707183
28.126682159863126 61.1686416941703
78.50774109729886 16.417032782626162
23.817461413157847 64.49642418092651
30.897297930060375 89.8841779477482
80.05951767207587 39.49581255124943
52.35557503464725 96.96135047792903
0.6652366563192791 94.02766187992468
25.36217721298485 90.0234159126042
0.0 68.86712954253758 36.528783570702046 25.65804074592948 59.05710417381632 49.481925400394765 23.35585892147178 52.19716305262225 28.561111386323088 17.649828943155438 50.42259184026865 58.25395316130391 28.32319944883738 18.887011879317797 43.62985983569033 26.168679508903374 33.48299416397932 30.02575366255505 41.717841271200804 49.19014676064441 31.325704809869322 62.609310236890735 48.7980048378905 19.101270735711783 32.27044944284618 45.36627063330127 21.363808721919515 41.850725809957574 64.93571452291467 21.26552320525333 40.555131172534786 18.23712659840535 40.07104758495857 33.70295454719094 69.77685449789756 31.051042542099644 38.936917499369244 41.57020380054337 48.281697853503864 7.751653950891736 34.10356932990323 21.427783094633206 21.145851302797457 63.27582308348272 61.083050630264495 10.849138793804569 47.16788186024065 35.70011481716129 27.470477341190204 50.1883594442322 48.15767341657561 39.93406166699171 43.83626837614326 56.65786115151182 27.354454418634074 30.861935478019774 27.986993278614598 49.98558319731753 57.455165481988516 26.97593571121509 3.7864015248528027 28.955000439667565 3.8521463285887845 32.91091156919796 47.42181596510799 66.76791656122259 44.18034805219211 56.65048837054457 14.849779070510122 40.487308784481236 61.64600556325678 56.203889649708294 49.57006882131095 45.50119938317186 46.65636766133635 32.316767505512466 52.18671470690932 11.243210237362256 35.08265865213167 46.23169032714681 50.78302402504004 27.145155692943764 43.79212996000308 32.92224603398018 53.69758814091435 25.258557808567783 35.5052027976589 28.268851183528227 54.62275795779287 28.8595832604998 37.932358707015574 40.55547773993655 32.759364917174075 34.62847533905466 38.190869185724175 55.0323562987972 27.57619731435345 57.69906283353627 75.39526931332149 57.552476393661216
68.86712954253758 0.0 66.71048250804543 44.306064247113035 10.240125245095465 43.17162614126281 58.67985750396212 93.23920180295104 73.44527101124466 66.07607195092362 67.45619830104644 86.41839544734786 95.65925526518487 78.22064629604576 112.47845951609949 44.31651639565509 80.48692264791545 77.38667762205466 47.09929931745477 68.60666790920911 98.87902608954224 7.300505044324282 53.77710477876121 76.82421806980507 98.32544017450908 101.49692133011445 62.0845425668387 61.21555363539305 64.81141497746215 47.676863398602805 28.479034482574118 66.8110316480815 31.828367802516443 65.3481160735868 86.30244602058619 63.873988756890036 106.64081053014755 94.23271447758843 90.66468804821164 62.213573937413834 102.92452088933042 85.3818302125587 86.03357504378907 7.1762515717679705 20.15798866762397 79.0176861977083 105.55514934222985 53.89365092460361 95.65901129767424 20.343459416372763 91.15179318298993 84.04820601271983 86.11485077809058 31.583270813365125 41.725466811010115 71.21444284107791 68.79778723792306 24.681582683662672 17.30470974228757 62.41225288133311 72.65293608985836 56.57531925418868 70.8036490224057 52.772450525872664 45.312543564919146 85.46189992137367 44.658774413306695 57.66058606891303 83.2523763786361 64.35685501942291 59.386127812579396 23.118326512579245 44.55421251154275 44.561664442332834 115.23162598374607 61.21359797548469 22.892609059803007 78.49895702370121 55.05265891725211 109.79926539010637 118.40924932287764 81.77144734216971 98.3341525649645 73.60564165037297 116.33887114864142 73.25641776102839 73.72945417937223 74.51261023766345 70.28694649819703 41.19130787344653 46.49025829855626 31.6125103267864 71.3984332557674 81.51281010221638 73.61701898171916 59.34770828345541 58.4651501792487 37.444170343046544 89.18852308406356 64.82935394593495
36.528783570702046 66.71048250804543 0.0 31.502810285037782 56.92629565223042 27.122014379880643 15.514288357125798 26.711914238833735 63.99010666236433 18.90939885490903 14.266451322838423 24.49468400573878 44.80707121919544 25.777449387923323 66.18259836550347 43.88466099255266 69.6777446583275 66.05713496946072 20.26075073907751 12.783687168175293 61.264166461687594 63.44698870732416 19.20796942077192 24.01163151423211 64.23932832499796 37.349672087001636 15.698057480905888 8.43152133794925 30.558827201048725 34.390013136751676 46.755259979288745 52.77232874705969 36.276818811067194 66.18265462720504 33.6456739676038 5.850242489360228 53.9998571637832 29.46953629778378 84.55755793491271 38.67530562436138 56.1374873967447 33.238561642024585 55.78419590883 64.3809697588491 49.837223745178385 44.416782558000946 42.14783603730437 63.13196280294754 47.132257576320036 56.15506605298525 84.48254706907682 76.09393526744564 19.43861308670758 39.692040962543174 35.44496428819617 8.327767634698212 62.250521049250665 42.04657965069123 49.902517219836106 58.9999597937043 37.985269653366984 58.05714869527556 34.05393116517309 59.86067015421102 24.300564744136114 30.82783009392988 66.48373955407921 24.425532301435965 40.15352445900328 71.78202796885184 28.90933933069999 45.12729726579081 26.17710806727783 23.890627367431474 64.3113147913487 6.568744505646368 61.66625324972999 35.42262129571732 63.12083674186191 49.976004207191 63.66040713628766 22.40680474359565 33.82833921182852 67.93294085095678 54.75648782674987 60.95992568134267 70.2546171512967 63.949713829032596 18.231868232101327 44.023996423092775 61.30745331957324 36.27028477201521 6.962026080351542 70.86494562434513 6.91933736592616 21.991242731333006 57.71267940030787 36.753492525754254 39.14491440234987 22.551855257772704
25.65804074592948 44.306064247113035 31.502810285037782 0.0 34.18556004958962 28.44748435483747 17.545959394733153 56.71298143606259 41.875480342888814 22.78883554357664 40.73005062408285 55.85766567076625 51.3717859659633 34.32168711299365 68.97669325816574 13.18380315615957 48.95245200452878 45.16849518924254 22.82160034538578 40.53858093669689 56.8882985463432 38.73461661589462 32.48596225693989 33.08787370642609 57.39199845288475 59.48877196594025 20.041061004332853 31.25908938091009 49.96983444735783 5.819916775779875 17.605747404303575 31.295354621097967 14.43564047573673 39.836134882867356 62.732513537442465 26.299482188875988 62.35690836983027 53.02429287793193 63.00727983524187 20.625658540671473 59.115974930581245 41.16408109406089 45.5041661369179 39.52005464972227 35.48959145504927 36.416769676214074 62.982574607546276 33.659485914819996 51.49971493866597 27.870963937625906 63.17678195778162 54.65072213707135 48.32816038070604 32.28429605814421 3.994625775050802 31.97013244651178 38.465802957326474 24.365849317850564 31.8133343082534 33.24734917047958 29.368087168903127 30.165715605457535 26.939366837372066 30.48339904926875 27.359700763778882 60.43697212083703 35.21362210845229 40.602799734746505 39.293122195492714 43.88728350037978 45.27207992800882 30.691015727810846 29.07430762249887 25.185565469678135 71.13287794459306 24.941979493993117 32.03709419254681 34.34952919654228 33.957666413615094 65.96794999693522 74.10733763464839 39.082922563847426 56.70886913465008 44.53724522143503 72.7988433912825 39.89053347770341 46.17673979914069 42.39136945885148 45.04879842241907 12.659346824167583 30.460985047361874 14.936099616840036 32.969910610369205 50.18951754043395 37.213830676303125 40.0676463557626 30.609037919322464 34.602701423395054 67.6512391613492 44.461922185868204
59.05710417381632 10.240125245095465 56.92629565223042 34.18556004958962 0.0 34.70966874318081 48.46466664928852 83.56524552278823 65.71126649476024 55.836509591363104 58.612593906093316 77.41655743666026 85.55734275835593 67.99228219521794 102.68599228607718 35.28339543608881 72.90794998491246 69.62089494713281 37.71957460498843 59.621017629094254 89.43982571300496 7.214823808997294 45.13964607292151 66.58920111547998 89.11510153026252 91.32628476800706 51.8554155314533 51.82781299760662 57.69610421727084 37.80109879682775 19.193059028704415 58.24623510551854 21.614818868318068 58.462723171948646 78.31758672067245 53.87060554912344 96.54245075671749 84.10979826957096 84.02031301084011 52.62867740088582 93.03065836966091 75.18922841911815 76.84097106479246 8.154015043190022 14.618603258768195 69.37458295533497 95.35197455464579 47.392817772564825 85.63359620450076 13.338300253670013 84.45207683438984 76.94294582647312 76.26662727700908 24.49411279111775 31.7687135269811 61.15528850155465 61.16186904350443 15.232926820175514 9.51115749554071 54.76309960682629 62.842126594416655 49.126198128261706 60.8540490594808 45.81085102506013 36.57135957917483 77.23663160002789 39.570797286673724 49.851083016749605 73.29324451075846 58.39179475711251 52.15783904838516 15.54976287267481 36.10744614497349 35.56761203322372 105.23862232918543 51.26821132311062 18.382233242485974 68.4700143887407 48.466646641499075 99.56161117347229 108.28681922096135 71.54647331018593 88.18680775057067 66.33047264007264 106.09963673142009 65.19918318364036 66.73954025773642 66.70395198027508 61.71573328173848 32.12700609900512 40.180329273538526 21.416605272535083 61.39943303441076 73.9927003435951 63.80630905168919 51.269454145608634 50.867075444295914 30.54035112812725 81.58399354105525 56.80349902359575
49.481925400394765 43.17162614126281 27.122014379880643 28.44748435483747 34.70966874318081 0.0 27.871834180896755 51.838225216628565 70.23755854653025 36.450535849048876 24.375310297913426 43.400953325963904 67.88702564853105 48.0097604809008 88.45930971015645 40.43569536979579 77.21962688523713 73.41878143944106 8.243417790497253 25.676609017600526 79.80650846441678 41.88374517549959 10.627105859525498 46.21191668525139 81.48463358639576 64.44674564882196 31.253380760194478 19.652243082910253 24.470020615081157 34.17434934240731 33.273227574095664 59.408395625980766 20.60578550654138 68.06283785580902 43.65686608885618 26.951659795405412 78.17955149065655 56.585144243653744 91.42685656391266 47.097612132302956 78.16943120658937 56.0875871920584 70.61878192928211 42.834821622939195 24.059353187121403 59.96906608416586 69.18793031569928 60.667863098479906 69.38174970649645 39.307525713518295 91.58238806454136 83.03357799648575 45.907091177668136 12.900531748094288 30.448192642439352 34.15224257504875 66.91014918062355 19.850134797221013 25.89566274756272 61.6404851584167 52.53483706933468 58.171590523026154 48.97475473898429 57.70771996652055 2.83027304274323 42.52696460669146 59.09769106129064 15.603660980483884 59.364390147740984 71.54065639452294 19.011034539324747 20.107153493374305 1.3977778512250725 4.072148390442886 88.20887226261416 23.963329953189753 45.915068079137725 54.02932960335029 61.188963141128546 76.35812402824541 88.81760070794853 47.722807688796145 60.9401776912914 72.98319275076913 81.5898265951146 68.09933104102379 74.61351913893624 70.69808950143741 27.12103552553846 38.62890174463086 55.899467056866456 20.169565531261455 33.49739494142576 78.46159576980999 33.717298387376765 16.6641878977867 58.82714003969144 9.759973155960513 47.163947555622116 22.19396628248506
23.35585892147178 58.67985750396212 15.514288357125798 17.545959394733153 48.46466664928852 27.871834180896755 0.0 39.24795102281177 49.20658694007804 8.68285280194062 27.971660249366295 39.84501768530315 40.439752744332544 20.867103713132476 60.656489835563725 28.87580226460302 55.28079611727433 51.56587985531392 19.660736929076855 27.077825820976898 52.212175405509285 54.111823432849576 25.552684123237412 19.184317682461884 54.247272321476316 42.97117555402475 3.6343298666021298 18.835140308126903 41.624883293646995 19.301137519310835 34.58399312605088 37.894888162370854 26.852063241816452 50.77833457674601 48.907295437985105 9.712715706806627 51.05868047506019 36.04187918128521 70.13915453615706 23.85076567859253 50.37155837719134 28.83313461968748 44.150538448742594 54.982743918840825 45.21441082788622 33.00319671904549 46.895135682795996 47.66727551426052 41.67965880454851 44.6676907653065 70.1223995791849 61.61428652874266 30.803171628025854 37.67880150109206 21.51834020687732 14.437737057873147 47.14497558118028 35.22372456096676 43.45247749785248 43.60950866021462 25.765997775991625 42.54351607494153 21.929057998358434 44.3978168749569 25.419227163837114 46.2001761541227 51.54635749714139 33.30612567357972 31.523412343281585 56.28370380613741 38.298653231389025 40.137221243956695 27.64176541871294 23.802724401720532 60.837971003431775 9.693657686976747 49.36162349706159 26.203391416057187 47.63194089319048 51.56549330268652 62.19778140409709 23.10791265233564 39.95210496571965 52.95820459462932 57.811709046711385 46.33889684152342 55.18412460238971 49.27868931919526 32.336177933902526 29.416907614311118 46.14674805658201 27.073180898729603 15.536420440863656 56.49722396846982 20.168632860288227 31.68148042932641 42.219458897107714 37.10709004181123 54.285146180470406 34.40552886403771
52.19716305262225 93.23920180295104 26.711914238833735 56.71298143606259 83.56524552278823 51.838225216628565 39.24795102281177 0.0 80.60317359218901 37.19877673415838 29.204868708159108 15.263957138016929 44.143870956630494 34.08794002551562 63.3945270602555 67.83906321176364 84.73333489612367 81.60516225790268 46.26455865194218 27.308666919544624 65.47268038723453 90.14517596547593 41.872432476312966 33.370206074256764 69.84270921990476 21.556078281268878 37.41756012405903 32.34823111621706 43.59886510185543 58.32279039650905 73.02893523551403 70.39676494747832 62.96866998152555 85.55985884557319 29.659809280180568 30.74331256425352 48.705296159627856 16.186126684488304 98.99291408092427 57.39188092778838 55.303266293563944 36.82558102457312 65.58018704021609 91.08130806487372 75.6037707130999 55.54523786349969 26.304363950542786 85.11340035814331 47.662361105596155 82.67294823896206 98.73154694208698 91.08845161171492 8.65323910486269 64.73866324397963 60.7050408133079 24.847322788215674 80.17252304893131 68.55915108771525 76.23124450355374 78.54342674705319 51.75479386107226 79.12286517688955 48.570670541106026 81.92321954821071 49.18481450950814 26.596903544508468 90.39101200850631 42.89520525703301 47.68636882801748 92.01785976015283 45.35460681825483 71.13626298909537 50.64318554205481 49.33720024924713 58.191365713755665 32.834026841622475 87.96267533889149 45.24748840160003 84.84206500967005 37.717273170694384 54.17808577687051 25.740918926578203 18.68794643104936 85.05295210844949 39.01031205190913 77.21758603114522 87.67022927605625 80.18843758322215 29.13966748503671 68.61330504144972 84.70653590002941 62.97279227677515 23.743274856561236 85.76732028284101 19.982571190380256 40.18302742336994 78.26601672150997 60.73709677323921 34.586207640684144 36.88872350037552
28.561111386323088 73.44527101124466 63.99010666236433 41.875480342888814 65.71126649476024 70.23755854653025 49.20658694007804 80.60317359218901 0.0 45.62299277560447 77.1755181164356 86.6651304592316 47.92988924895411 46.71053086598168 52.254462036296076 32.05029096313366 7.318441289162672 3.944433248859895 63.858549068790516 76.21964910936951 35.41478056214683 66.19739857096205 72.7141788511049 47.26116383523561 32.07405593753162 71.26760388733946 48.30541088002198 67.96737221129567 89.93271477645459 36.086684004324084 47.21316096154305 11.323651908183889 53.98506126686876 10.926786637798818 97.60749572009576 58.22935375429731 55.589606090726896 68.83179993293153 21.26958507232414 25.37793385342851 46.73030888938403 46.63946901876577 22.717090486410388 66.50629993581659 73.45982353277735 26.89456200385298 71.94119261807381 21.42564644168778 45.182882475443485 53.144138700523534 21.377572193515192 12.802023860200514 72.33777886284828 73.29215823685816 40.62373537471019 59.15830941477185 4.70597285703597 62.970208827346845 68.24408411057483 11.035114329403118 28.89924337100503 16.941396169888506 32.057009779545965 21.289929106656636 68.92367239777292 94.70751802583318 32.936185306280386 80.92101504742222 36.076289550153895 17.32343966478615 85.83582392340664 69.5139353521117 70.77226883263442 66.77284570606741 59.05206752007287 58.85652219109748 51.446332687242176 36.29952138000397 20.1851432731836 67.67335174642133 65.90929337312181 55.13418244226627 70.36797787877393 4.6078210233115255 75.13160980801183 3.454135227980657 7.338050502753016 1.2950731162043227 81.52893132096492 34.94908500942457 28.325664007068667 54.568287942912015 61.010706003502946 8.500332183903113 66.45439020189825 79.82270374898755 14.985647215844411 76.28837648473339 103.13399577332048 83.25911297574191
17.649828943155438 66.07607195092362 18.90939885490903 22.78883554357664 55.836509591363104 36.450535849048876 8.68285280194062 37.19877673415838 45.62299277560447 0.0 32.960242497868336 41.12401832390707 31.77044103206644 12.403174458219835 52.01690342768267 31.468196352291056 50.996948908087326 47.44541502394839 28.212670526891806 31.636921866934745 44.16442912439884 61.058762730580554 33.20022285912628 10.840040190419392 46.539753148021866 36.76119566195225 5.198178329945083 24.86053205717062 48.1818882594374 22.392365162250268 40.39386130045336 34.620733605872275 34.3935204032079 49.001144163579546 52.16945254276496 13.617253909606474 42.4406879581247 30.620482559406998 65.84792896424452 20.78208629817362 41.728075917673806 20.236427362153645 37.2138637583253 61.89050304341666 53.57806034728168 25.854183949912066 40.193900176609645 47.915103494212175 33.00347844773563 50.65562704137023 65.74562338882409 57.437923674300244 28.549598679916315 46.33801076281291 26.420347031737506 13.608125856846067 44.32308694620783 43.29745057396947 51.48454055769726 41.85825787553437 19.131557637667964 41.99715480005015 15.186175470893438 44.72525133614014 33.93038763299742 49.19330895855168 53.595126898140066 40.506740291443215 23.18734986080216 55.167891915557384 45.43028250357346 48.492716145017745 36.154471751689144 32.392241053063096 52.16861302064775 15.344413583613187 54.67592804874547 17.951471127963668 47.65420242006947 43.7337505281879 53.68485259189717 16.31355263732233 34.097635521604616 49.75748398424468 50.30059056973389 42.46910856618671 52.20080995350569 45.48027085659296 37.08388695479245 32.810922636235944 47.73808644558689 34.68740519131378 15.41542378908284 52.16515338381163 20.84991436510194 38.586524123591595 41.24413957366659 45.767837197181535 57.77044198109911 40.51406467466604
50.42259184026865 67.45619830104644 14.266451322838423 40.73005062408285 58.612593906093316 24.375310297913426 27.971660249366295 29.204868708159108 77.1755181164356 32.960242497868336 0.0 19.029279457182124 58.15724743652461 39.77593325267418 79.54875347113455 53.85184057610515 83.16727800266081 79.47914354585338 21.484921229457456 2.0892377525251287 75.4184175799256 65.66848253766497 13.76089878724916 38.05725980190473 78.47448142879115 46.11474037364473 29.148980613412512 9.555519882631339 17.04299649458571 44.88211016156309 52.899981477256276 65.86630952709406 40.73301286564473 78.39233402486563 22.03151461833915 19.380038345665326 66.66960469441794 38.3317289438907 98.04408984893314 51.80733970656547 69.68497794427397 46.90432735948584 70.01789367426848 66.62455805502675 48.38429468197265 58.64454728365675 51.19092067915303 74.0361459821927 60.72805230812063 61.01893607811675 98.00808770128205 89.5321898977642 25.471717126562815 36.95481821673398 44.316512768126415 22.02792140527049 75.07318032095176 43.417829335832494 50.1518656914608 71.27972610059908 52.091285951663025 69.62829215155357 48.146416970626866 70.79042970517732 22.144242200346984 19.93433361876489 75.76498669528628 13.759385610006603 54.358137983019894 83.5029683298222 16.907105855315333 44.46615435768008 23.02651026663314 23.047478082111713 76.99405767410869 18.333313499579685 67.22150827699164 49.679903879555354 74.19086151783705 60.627741782694244 75.49306530556225 35.29526044537788 42.539871975846765 80.91870550057854 64.30801397462177 74.28140272084852 83.11752574829593 77.23327039896125 4.406431879804986 53.307937519135 71.18943871743666 40.52346715490654 20.262534426083494 84.37459553002837 16.574414709543543 11.021807385510991 69.55883420280716 32.25724386982386 26.945681265045117 9.023455820546786
58.25395316130391 86.41839544734786 24.49468400573878 55.85766567076625 77.41655743666026 43.400953325963904 39.84501768530315 15.263957138016929 86.6651304592316 41.12401832390707 19.029279457182124 0.0 56.521667433034615 42.478613191710075 76.86799815404187 68.37599805784401 91.71010271602958 88.27970681394342 39.84366522540931 17.815445363356723 76.85906550139802 84.39874692640382 32.79015773814674 41.232662611931346 80.81090801782337 36.542273763200306 39.35650358122088 26.070910250602235 29.85858661201916 58.883801920767375 70.14122052104733 75.74113835712744 58.589251342173576 89.92688661654117 14.715827557884412 30.149994354427765 62.50641801138722 30.2131501750424 106.42903727436975 61.85988894951368 68.08036624230535 47.34649011663156 74.79053541897792 85.35393399307493 67.41105022834137 63.912757005156315 41.4259928925031 87.50714439506837 59.797143716004115 78.91178426806745 106.2642867794606 98.15940324280706 17.835491893891184 55.95399089100716 59.750156779120836 27.525585220067683 85.44513254992056 62.18655840913428 69.11619068360969 82.74618349086124 58.75873768307987 82.22887179781853 55.085892627071914 84.23894317594858 41.121267103364346 11.515319236243105 90.95218245674023 31.320313402794117 57.291693906842966 95.81096534191776 32.64538716461721 63.478319397502375 42.055203683807264 41.891360347921506 72.36012349437608 30.973798940742775 84.84755648223033 53.78321539351935 87.45198938282269 52.6188687272442 68.91194495855459 35.1070880823863 33.41771768407027 90.85938643908696 54.25172815554535 83.44518127643566 93.32006084069067 86.4608264284256 17.027555501699382 68.45151186744599 85.80213250157699 58.45379563087867 25.71244026467502 92.83729428404588 20.301713005705924 28.839348871160972 81.75148617155693 51.09375543842554 20.048159470166116 24.382428067074738
28.32319944883738 95.65925526518487 44.80707121919544 51.3717859659633 85.55734275835593 67.88702564853105 40.439752744332544 44.143870956630494 47.92988924895411 31.77044103206644 58.15724743652461 56.521667433034615 0.0 19.89609716456053 21.402521342758146 54.40789532155318 49.06293911923744 47.11323162160073 59.660546444939804 56.25114645926217 21.79322867761887 89.84643450269536 63.02886522307181 21.711809549951894 26.57853193016124 26.778922863558627 36.86388208992004 52.93821990814289 75.0951511121355 48.301049239171014 67.95449255210397 41.82909388604936 64.91818585073068 56.85881225376911 70.87774085173386 42.0005333638816 10.985609724090198 28.2707344319781 61.038734609476215 36.03280223928349 11.677328107958035 11.839551992393877 26.56847076782431 90.57901435569704 85.00279131265258 21.969903503890215 25.667083822055886 62.1081504475405 3.6787204257792183 77.92678795467792 60.58000097136024 54.55668351334957 38.702077994345196 78.10833484762298 54.025101340180086 36.49340733299728 49.789175377150336 74.37632659453071 82.41219934034196 51.54465564935573 24.89602138186152 55.20596014153587 25.43403187497858 59.74064347050035 65.24802420632263 67.59344252132983 71.74592643109402 69.16925833809762 13.679095285300894 63.9885645888404 73.71605122319276 79.92804609534905 67.45424751696135 63.877412489617726 20.39849162298171 44.73369775890957 80.3565627372445 17.416331759573588 61.26348096180348 19.743871456015388 22.776897284896382 22.908583830215417 27.487225494085397 52.44329440085236 27.226477006442096 44.62772192215032 55.14393973022681 46.99506574736321 61.221336515421925 56.97341046265598 65.52146778388914 65.29892307944543 38.06821101254912 49.74659369453057 41.730892878291854 66.78941773766081 53.41853671930713 77.38643966171207 76.44288427996982 67.01824311873311
18.887011879317797 78.22064629604576 25.777449387923323 34.32168711299365 67.99228219521794 48.0097604809008 20.867103713132476 34.08794002551562 46.71053086598168 12.403174458219835 39.77593325267418 42.478613191710075 19.89609716456053 0.0 40.88503333156589 40.808626539519956 50.64736086264727 47.55180666122107 39.79450534716117 38.037137610084336 35.719249517293775 72.98041350841206 43.30192567607188 1.831051505266507 39.06701573119187 27.068482345300765 17.237908644660077 33.53433717230911 56.33625854110762 32.72867949254265 51.79427894107601 37.0104541737142 46.68160314871593 52.57558530425762 55.63362713353707 22.307855663407295 30.257406796713425 22.70062467366227 64.94306447688191 25.46142702584588 30.67192812529813 8.077891075591184 32.31604576962242 73.78672294433643 65.97158290787434 21.641091535318726 29.612968244701214 54.0937979836144 21.690131637441663 62.0471380075903 64.6978548217529 57.00102051561419 26.19009866957406 58.49067372649419 37.626927414891114 17.7533433385697 46.658975982765455 55.69090178397436 63.86778375399616 45.85604554170537 17.816613754782846 47.52127169394671 15.059117650372956 51.13518708407389 45.3583706785286 52.41998199913874 61.55347682243238 49.7776369160357 15.00157315879654 59.37356193863547 54.47229332349551 60.886710044887586 47.562202173395605 44.01373611306074 40.2022107127107 24.93967577428694 65.54610065108325 11.365545415118858 53.57968832850795 31.65533511433909 41.3326966116989 8.425424471428341 25.142027028607444 51.22560520982477 38.507808728389 43.290758207447915 53.88817649417784 46.23005502212287 43.3156537002268 42.72659206953968 55.402932925877415 46.99544649272641 19.570616267063492 51.67938136257213 24.221242864796267 47.51755177897193 46.28462707595836 57.551290198269264 61.33354534357432 48.31861460347076
43.62985983569033 112.47845951609949 66.18259836550347 68.97669325816574 102.68599228607718 88.45930971015645 60.656489835563725 63.3945270602555 52.254462036296076 52.01690342768267 79.54875347113455 76.86799815404187 21.402521342758146 40.88503333156589 0.0 68.97519841566833 50.27813308503082 49.89780960754487 80.21706935671585 77.63231856203858 16.851293299653026 106.12434040504003 84.18576647640954 42.71596695233126 20.859266377428636 43.213458388721605 57.21010055454806 74.25376027484326 96.49700836306694 64.88772244135029 84.0890871479562 50.65424655897985 83.18871361029092 62.8876398744281 91.44910102228961 63.17497531620907 14.847513497307066 47.212718155633986 57.917408936006424 50.414016438038445 10.289892244135572 33.013214522891495 30.093678278999125 106.76225461812214 103.91593877578129 33.646806921093045 40.03778926977327 71.12569682369866 19.196311191311672 93.46329408647416 57.26838366109656 53.94063406261551 59.082809564763146 97.98237333011434 70.95430138289969 57.879684444477 55.675507513517175 92.97561437991766 100.72724170849325 59.57395483550317 39.844209962212624 64.60205202941351 42.0420106141555 69.51653918643645 85.90501010487424 88.1745523860472 82.09719771135676 90.50167228144369 29.85732781455319 69.57368656205296 95.08506957630867 98.90716033227184 88.12607673007656 84.40599056032168 8.74743190865384 65.82375536578176 94.75254802365829 35.09258824056776 70.04948761887529 29.1829827056535 16.991722236609466 44.26904088807682 45.16139854969397 56.03280380436606 33.92965783514221 49.683502278282866 58.38422442965071 51.032285213904636 82.55878606700617 71.91397124634514 76.21599768411699 83.63163392310236 59.468333271472964 50.46408705794454 63.08539644479784 88.14936194325027 62.52267247794222 97.76157943648646 96.90889064857257 88.41991689815741
26.168679508903374 44.31651639565509 43.88466099255266 13.18380315615957 35.28339543608881 40.43569536979579 28.87580226460302 67.83906321176364 32.05029096313366 31.468196352291056 53.85184057610515 68.37599805784401 54.40789532155318 40.808626539519956 68.97519841566833 0.0 39.36432753577182 35.759014561654716 35.678002215336946 53.59064259024627 54.68525909203645 37.53897786229262 45.496300224679814 40.04383067258831 54.00953198723003 67.56870860849233 30.4220278091949 44.34254432170324 62.93018150490092 9.57478729073569 16.097365318987666 23.191894049149553 22.155879262154446 27.847837074718456 75.8186014177786 38.35175308276063 65.10040047448643 61.95799036856431 52.398234591894 18.701686653152056 59.924654691212666 46.10631733469247 41.71764471170289 38.095542443650494 41.48725113217536 35.33042475237202 70.40878451229645 20.552495691404275 53.6371652795055 24.57319007450159 52.66956457273842 44.40147179825434 59.25247405847989 41.56177836600772 10.108161378604821 43.03190760998366 27.96151273295576 30.92012173839688 36.45940450654437 21.987707539063617 29.808313112522917 17.81889741464955 29.01514354005352 17.436386470333375 39.74961254938829 73.46063950966102 22.67146502306563 53.527627263319616 41.018376877239604 31.1286196394982 58.08493404304401 37.465281056912346 41.24684669403252 37.58751159977284 72.67116375212325 37.421361663890096 26.026668102422644 37.05353158435761 20.9286881636351 71.42958312702827 76.9506129754459 47.27102583499561 65.2004072206972 33.8300065469323 78.69923733606778 30.850363399498946 35.03503071835963 32.83618616310506 58.190203621039245 3.1567440796244974 17.458041409757495 22.739088881586934 44.31972248682769 40.55024482235268 49.04028311088692 53.12209206152422 18.70965777245994 45.0884841530955 80.79063702879877 57.61176228128418
33.48299416397932 80.48692264791545 69.6777446583275 48.95245200452878 72.90794998491246 77.21962688523713 55.28079611727433 84.73333489612367 7.318441289162672 50.996948908087326 83.16727800266081 91.71010271602958 49.06293911923744 50.64736086264727 50.27813308503082 39.36432753577182 0.0 3.8062552337366284 70.66296758878747 82.11316017043391 33.571546859164734 73.21755442818456 79.32544889767581 51.41084236260551 29.486329079695448 73.79999557095515 54.09081649544312 74.11110827411245 96.41064964705367 43.14246198387955 54.49955633753474 17.870441935474688 61.261996697286754 16.21256194944514 103.16110829122289 64.00423311305768 55.54255283101489 72.08362326600943 14.884209724499836 31.477051315985484 46.09216435907832 49.4973110703667 22.62726600536795 73.49890355711943 80.77762531638983 29.614380187771186 73.98834651575017 27.622283986397797 45.97216703377466 60.232219101702775 14.842808827589275 6.451194188592324 76.68644746642171 80.5410331840842 47.83396253780919 64.3434370580046 11.74608994677691 70.28315256067074 75.5523438840852 18.146472964233073 33.122497933157085 23.911918533102625 36.65275338899024 27.95224567556537 75.82698457067917 100.1896164747608 38.92414791053449 87.50684782400661 38.509938059900556 21.086713853012363 92.45157015651493 76.82918816286102 77.7146950624597 73.68838955138588 57.7340331522156 64.83775078558091 58.276127870232926 39.67897283317812 26.3752217718756 68.63369472116094 65.0791459326742 59.03326280759893 73.23161518174463 7.43876715725003 75.93030433129289 9.14597595664641 8.827764297583911 6.587700916965539 87.47988889448315 42.267522580651345 34.820559753371754 61.84474771410443 66.23666588927547 1.243625327536494 71.67170387183879 86.31035979908593 22.063284331777858 83.45300861392558 108.74608614767159 89.56149838977623
30.02575366255505 77.38667762205466 66.05713496946072 45.16849518924254 69.62089494713281 73.41878143944106 51.56587985531392 81.60516225790268 3.944433248859895 47.44541502394839 79.47914354585338 88.27970681394342 47.11323162160073 47.55180666122107 49.89780960754487 35.759014561654716 3.8062552337366284 0.0 66.85720563459228 78.44703460867989 33.05905126676048 70.14040731816101 75.53236481335165 48.241798284334344 29.373412116278107 71.28282214355934 50.4378371423616 70.3890019607387 92.63490814188108 39.355671050072445 51.06265325221256 14.065097392715067 57.57370325419922 14.277939437846133 99.58613272390429 60.359532361614406 54.16920203651959 69.27416056782954 18.573477148490873 27.737604421898848 44.990506549945835 46.808239611211846 21.098388547566827 70.45036678187468 77.21924297456128 26.899339278853834 71.67710428676388 25.203734315182277 44.17215961485349 57.08169507877151 18.57170259728158 10.05317969484314 73.47627335535276 76.82268221302543 44.096914191247315 60.85666483411702 8.636832216225551 66.66252174475595 72.04941076636379 14.97882851146491 29.88010662949437 20.8832204601166 33.303197794698804 25.18986857947123 72.02151410839002 96.63356218311056 36.67320382914778 83.71700334621988 35.95834000108164 20.08293900727474 88.65889583552014 73.21815429833393 73.91090747163702 69.88339920507481 57.01411015665922 61.1463138519769 55.38352702530477 36.75955027556037 23.957619599794057 66.80216452824747 64.11736425879954 55.964563033407515 70.57782810522887 6.174614011231444 74.18340065617909 5.340822849032773 8.50752118103062 2.93547818118917 83.80187859815463 38.701231583436346 32.19675144976655 58.15576612047861 62.73934951181075 5.049880560506738 68.18025876685707 82.53239741930163 18.92968156686386 79.68892928790994 105.1565243029078 85.81271031512004
41.717841271200804 47.09929931745477 20.26075073907751 22.82160034538578 37.71957460498843 8.243417790497253 19.660736929076855 46.26455865194218 63.858549068790516 28.212670526891806 21.484921229457456 39.84366522540931 59.660546444939804 39.79450534716117 80.21706935671585 35.678002215336946 70.66296758878747 66.85720563459228 0.0 22.192895327789316 71.72558894085385 44.60772356552412 9.955165454831054 38.00271668276743 73.5216422122143 57.195460623899464 23.01474681474899 14.125069395343536 27.259988494275458 28.209367099514424 31.780791702705525 52.79269354694873 19.333521386122317 62.61816239047855 42.83696959328562 19.1660488629991 69.99469415025405 49.42580167200606 85.12454489009862 39.90737294718458 69.92717719432966 47.87197063595914 62.85890225254275 45.56104401815027 29.583903438513534 52.05196411130443 61.81517282649131 56.22032440880132 61.13891015432939 39.55096388573086 85.23437512372014 76.6499297849311 39.595157060423105 19.665539217133087 25.583133266283337 26.56011726419707 60.8165609439044 22.513249309676933 29.978706319151417 55.911023930975766 44.643147685419436 52.98681935596977 41.0049690897394 53.113377774818524 5.779300062259283 41.13832022173438 56.107577776442305 17.85110932890432 51.177379914813 66.67553786056854 22.452900858588265 24.935535664305768 7.992700545694303 4.21968085829152 79.99670032964288 16.17070241078932 45.81750864191515 45.849353302821996 56.604573640456664 68.5494306939226 80.71420253387598 39.79141360289506 53.74854516540316 66.8868550682961 73.98943223114345 61.51703074539284 68.68662943910022 64.22476338966669 25.184123831399976 34.380507057850956 52.21456896424523 19.091058359240773 26.1200499482948 71.90644383701125 27.123245786515064 17.614776075211662 53.40665394026845 17.79233093758963 47.10192575466261 22.54194615750922
49.19014676064441 68.60666790920911 12.783687168175293 40.53858093669689 59.621017629094254 25.676609017600526 27.077825820976898 27.308666919544624 76.21964910936951 31.636921866934745 2.0892377525251287 17.815445363356723 56.25114645926217 38.037137610084336 77.63231856203858 53.59064259024627 82.11316017043391 78.44703460867989 22.192895327789316 0.0 73.72261924652572 66.62947110158971 15.143564567241084 36.33876289903652 76.84618191075614 44.02842150803387 28.02849389861837 9.296210685194472 19.055380862008676 44.487830028848464 53.2678586865063 64.92938727093737 41.27742866372502 77.70556553272948 22.241494136581014 18.154910265062835 64.67843610992493 36.24276534744899 96.99640014457115 50.841758375927675 67.80395477100029 45.06645276222227 68.56218676463801 67.58522210364835 49.731804058808066 57.197519387044544 49.10363147856469 73.63727876747798 58.86204308163314 61.60581595127965 96.9460908426195 88.49884373527415 23.401905595726312 38.386569928582986 44.20712091056811 20.28601130736162 74.2227754945332 44.397274832805216 51.306559983037744 70.56801654491308 50.74752813653228 69.08010844172989 46.81000981840324 70.38122579374382 23.328537683313428 19.90373852991593 75.68190528042581 15.769307113520156 52.708355972850114 82.93767595294752 18.994765701064864 45.70292508045251 24.35525788797594 24.0777870173379 74.99901150292085 17.38656445828987 67.72570927509442 48.09858519475038 73.75761351654894 58.54595377523414 73.44288572284576 33.36584845559717 40.45279601460599 80.02585104253247 62.219335232589536 73.28014133040081 82.26177287352232 76.24619425022318 5.450393350431716 53.16804516522939 70.9872280904202 41.094961816971356 18.47888070370152 83.31373778417036 14.592419175580728 13.02515196401114 68.94838601537504 33.8482584362604 27.38136915535804 11.075279647211579
